<?xml version="1.0" encoding="UTF-8"?>

<matrices version="2.0">
  <matrix id="1" type="distance">
    <nOfLocations>48</nOfLocations>
    <nOfTimeIntervals>1</nOfTimeIntervals>
    <locationList>
      <location id="386"/>
      <location id="330"/>
      <location id="17"/>
      <location id="531"/>
      <location id="532"/>
      <location id="22"/>
      <location id="534"/>
      <location id="1111"/>
      <location id="1114"/>
      <location id="926"/>
      <location id="927"/>
      <location id="294"/>
      <location id="297"/>
      <location id="554"/>
      <location id="556"/>
      <location id="557"/>
      <location id="304"/>
      <location id="306"/>
      <location id="307"/>
      <location id="308"/>
      <location id="1077"/>
      <location id="1078"/>
      <location id="312"/>
      <location id="829"/>
      <location id="324"/>
      <location id="1189"/>
      <location id="327"/>
      <location id="1258"/>
      <location id="522"/>
      <location id="795"/>
      <location id="44"/>
      <location id="111"/>
      <location id="1267"/>
      <location id="1117"/>
      <location id="740"/>
      <location id="804"/>
      <location id="406"/>
      <location id="658"/>
      <location id="178"/>
      <location id="1172"/>
      <location id="150"/>
      <location id="1095"/>
      <location id="1224"/>
      <location id="136"/>
      <location id="156"/>
      <location id="206"/>
      <location id="126"/>
      <location id="462"/>
    </locationList>
    <timeIntervalList>
      <time id="1" from="0" to="1440"/>
    </timeIntervalList>
    <data>
      <interval id="1">0.00 ,28.96 ,17.64 ,15.60 ,27.86 ,14.79 ,10.31 ,14.80 ,4.63 ,10.55 ,83.41 ,3.09 ,22.92 ,7.66 ,2.21 ,6.75 ,15.63 ,6.99 ,7.08 ,23.85 ,20.52 ,7.06 ,15.40 ,5.27 ,13.27 ,15.70 ,15.76 ,10.98 ,16.86 ,15.85 ,14.58 ,11.62 ,13.94 ,7.48 ,5.19 ,7.64 ,7.56 ,23.30 ,13.31 ,10.23 ,16.43 ,13.79 ,13.97 ,16.44 ,23.03 ,23.25 ,23.77 ,9.99
28.96 ,0.00 ,20.88 ,20.27 ,32.14 ,15.99 ,26.82 ,20.92 ,29.27 ,34.35 ,86.06 ,31.96 ,35.52 ,22.62 ,29.49 ,35.49 ,36.50 ,35.91 ,27.28 ,36.31 ,8.44 ,27.83 ,19.94 ,32.96 ,23.05 ,20.48 ,20.71 ,25.72 ,18.25 ,20.73 ,15.08 ,20.08 ,32.43 ,33.06 ,25.92 ,22.03 ,21.54 ,36.12 ,34.43 ,32.72 ,34.64 ,32.08 ,31.99 ,31.88 ,35.73 ,35.88 ,36.24 ,32.42
17.64 ,20.88 ,0.00 ,2.30 ,13.55 ,7.57 ,8.96 ,2.90 ,14.63 ,16.54 ,95.92 ,19.38 ,14.70 ,10.49 ,16.51 ,21.67 ,16.80 ,22.64 ,11.51 ,15.53 ,14.90 ,21.99 ,2.69 ,22.90 ,4.59 ,2.09 ,1.95 ,7.75 ,3.01 ,1.85 ,9.60 ,6.91 ,29.41 ,24.89 ,12.47 ,16.28 ,12.34 ,15.30 ,15.25 ,14.76 ,14.39 ,12.38 ,12.21 ,11.35 ,14.91 ,15.07 ,15.46 ,14.53
15.60 ,20.27 ,2.30 ,0.00 ,15.61 ,5.70 ,7.74 ,0.91 ,12.91 ,15.57 ,93.71 ,17.51 ,15.82 ,8.28 ,14.61 ,20.01 ,16.54 ,20.92 ,9.86 ,16.71 ,13.61 ,19.73 ,0.46 ,20.86 ,3.24 ,0.26 ,0.53 ,6.49 ,2.12 ,0.60 ,7.70 ,4.62 ,27.14 ,22.75 ,10.48 ,13.98 ,10.06 ,16.42 ,14.73 ,13.79 ,14.43 ,12.06 ,11.93 ,11.60 ,16.02 ,16.20 ,16.63 ,13.54
27.86 ,32.14 ,13.55 ,15.61 ,0.00 ,21.12 ,17.55 ,15.78 ,23.57 ,21.44 ,109.17 ,28.41 ,8.85 ,22.45 ,26.03 ,29.25 ,18.06 ,30.44 ,20.77 ,8.78 ,27.85 ,33.74 ,16.07 ,32.70 ,15.75 ,15.36 ,15.12 ,17.00 ,16.46 ,15.03 ,23.15 ,19.82 ,41.25 ,35.31 ,23.01 ,28.93 ,24.84 ,9.14 ,18.37 ,20.14 ,15.10 ,15.81 ,15.54 ,12.80 ,8.96 ,8.91 ,8.79 ,20.13
14.79 ,15.99 ,7.57 ,5.70 ,21.12 ,0.00 ,10.85 ,5.91 ,13.80 ,18.39 ,88.63 ,17.42 ,21.38 ,7.33 ,14.61 ,20.60 ,20.64 ,21.27 ,11.43 ,22.30 ,8.36 ,16.87 ,5.24 ,19.74 ,7.51 ,5.97 ,6.23 ,9.79 ,4.71 ,6.30 ,2.03 ,4.11 ,23.82 ,20.95 ,10.57 ,10.46 ,7.50 ,21.97 ,18.48 ,16.74 ,19.03 ,16.29 ,16.23 ,16.56 ,21.58 ,21.76 ,22.22 ,16.44
10.31 ,26.82 ,8.96 ,7.74 ,17.55 ,10.85 ,0.00 ,6.84 ,6.24 ,7.88 ,92.73 ,11.19 ,13.47 ,6.39 ,8.57 ,12.93 ,9.87 ,13.98 ,3.24 ,14.45 ,19.08 ,16.44 ,7.82 ,15.28 ,4.52 ,7.69 ,7.58 ,1.25 ,9.74 ,7.65 ,12.11 ,6.84 ,23.87 ,17.78 ,5.61 ,12.76 ,9.01 ,13.95 ,7.64 ,6.12 ,8.74 ,5.76 ,5.78 ,7.19 ,13.62 ,13.84 ,14.36 ,5.84
14.80 ,20.92 ,2.90 ,0.91 ,15.78 ,5.91 ,6.84 ,0.00 ,12.02 ,14.68 ,93.44 ,16.66 ,15.47 ,7.60 ,13.76 ,19.12 ,15.76 ,20.04 ,8.96 ,16.39 ,14.05 ,19.11 ,1.03 ,20.06 ,2.35 ,0.93 ,0.96 ,5.59 ,2.95 ,1.06 ,7.84 ,4.14 ,26.55 ,22.01 ,9.66 ,13.50 ,9.51 ,16.07 ,13.90 ,12.90 ,13.73 ,11.29 ,11.17 ,10.98 ,15.67 ,15.86 ,16.30 ,12.65
4.63 ,29.27 ,14.63 ,12.91 ,23.57 ,13.80 ,6.24 ,12.02 ,0.00 ,6.53 ,88.03 ,4.95 ,18.30 ,6.65 ,2.52 ,7.11 ,11.27 ,8.02 ,3.15 ,19.23 ,20.94 ,11.57 ,12.83 ,9.13 ,10.06 ,12.95 ,12.93 ,7.18 ,14.57 ,13.02 ,14.23 ,9.91 ,18.57 ,11.81 ,3.35 ,10.24 ,8.12 ,18.68 ,8.87 ,5.82 ,11.84 ,9.16 ,9.34 ,11.84 ,18.41 ,18.63 ,19.14 ,5.55
10.55 ,34.35 ,16.54 ,15.57 ,21.44 ,18.39 ,7.88 ,14.68 ,6.53 ,0.00 ,93.53 ,9.08 ,14.29 ,12.20 ,8.38 ,8.31 ,5.27 ,9.51 ,7.19 ,15.08 ,26.31 ,17.58 ,15.69 ,13.41 ,12.34 ,15.50 ,15.37 ,9.11 ,17.61 ,15.43 ,19.34 ,14.28 ,23.99 ,16.43 ,9.34 ,16.76 ,14.24 ,14.50 ,3.38 ,1.79 ,7.01 ,5.64 ,5.91 ,8.64 ,14.34 ,14.53 ,15.00 ,2.04
83.41 ,86.06 ,95.92 ,93.71 ,109.17 ,88.63 ,92.73 ,93.44 ,88.03 ,93.53 ,0.00 ,84.45 ,106.11 ,86.93 ,85.60 ,86.01 ,98.79 ,84.98 ,89.87 ,107.07 ,84.45 ,76.51 ,93.27 ,80.19 ,93.48 ,93.96 ,94.18 ,92.86 ,93.31 ,94.27 ,86.68 ,89.36 ,69.56 ,77.16 ,87.17 ,80.34 ,84.42 ,106.54 ,96.61 ,93.56 ,99.84 ,97.16 ,97.34 ,99.64 ,106.24 ,106.46 ,106.98 ,93.35
3.09 ,31.96 ,19.38 ,17.51 ,28.41 ,17.42 ,11.19 ,16.66 ,4.95 ,9.08 ,84.45 ,0.00 ,22.62 ,10.12 ,2.91 ,3.66 ,14.34 ,3.95 ,8.05 ,23.50 ,23.53 ,9.01 ,17.38 ,4.46 ,14.85 ,17.58 ,17.60 ,12.10 ,18.99 ,17.69 ,17.39 ,13.94 ,14.92 ,7.41 ,7.11 ,10.71 ,10.47 ,22.93 ,12.24 ,9.28 ,15.68 ,13.38 ,13.61 ,16.29 ,22.71 ,22.92 ,23.42 ,9.12
22.92 ,35.52 ,14.70 ,15.82 ,8.85 ,21.38 ,13.47 ,15.47 ,18.30 ,14.29 ,106.11 ,22.62 ,0.00 ,19.68 ,20.81 ,22.57 ,9.91 ,23.77 ,16.24 ,0.98 ,29.43 ,29.63 ,16.25 ,27.07 ,14.15 ,15.57 ,15.31 ,13.58 ,17.56 ,15.26 ,23.26 ,18.54 ,36.85 ,29.96 ,18.95 ,26.20 ,22.31 ,0.61 ,10.93 ,13.46 ,7.31 ,9.24 ,9.02 ,6.49 ,0.21 ,0.39 ,0.89 ,13.56
7.66 ,22.62 ,10.49 ,8.28 ,22.45 ,7.33 ,6.39 ,7.60 ,6.65 ,12.20 ,86.93 ,10.12 ,19.68 ,0.00 ,7.29 ,13.28 ,15.70 ,13.94 ,5.04 ,20.66 ,14.33 ,11.56 ,8.01 ,12.83 ,6.75 ,8.43 ,8.54 ,6.10 ,9.29 ,8.65 ,7.59 ,3.98 ,19.05 ,14.51 ,3.32 ,6.60 ,2.64 ,20.19 ,13.28 ,10.81 ,15.02 ,12.02 ,12.07 ,13.55 ,19.84 ,20.06 ,20.57 ,10.49
2.21 ,29.49 ,16.51 ,14.61 ,26.03 ,14.61 ,8.57 ,13.76 ,2.52 ,8.38 ,85.60 ,2.91 ,20.81 ,7.29 ,0.00 ,6.04 ,13.43 ,6.65 ,5.35 ,21.74 ,21.07 ,9.26 ,14.47 ,6.70 ,12.00 ,14.68 ,14.70 ,9.39 ,16.08 ,14.80 ,14.71 ,11.05 ,16.10 ,9.30 ,4.20 ,9.04 ,7.96 ,21.18 ,11.10 ,8.02 ,14.24 ,11.63 ,11.83 ,14.35 ,20.92 ,21.13 ,21.65 ,7.79
6.75 ,35.49 ,21.67 ,20.01 ,29.25 ,20.60 ,12.93 ,19.12 ,7.11 ,8.31 ,86.01 ,3.66 ,22.57 ,13.28 ,6.04 ,0.00 ,13.36 ,1.21 ,10.17 ,23.38 ,27.06 ,12.08 ,19.94 ,6.11 ,17.08 ,20.04 ,20.02 ,14.03 ,21.67 ,20.10 ,20.75 ,16.89 ,16.95 ,9.03 ,10.05 ,14.37 ,13.95 ,22.79 ,11.69 ,9.20 ,15.31 ,13.58 ,13.84 ,16.62 ,22.62 ,22.82 ,23.30 ,9.16
15.63 ,36.50 ,16.80 ,16.54 ,18.06 ,20.64 ,9.87 ,15.76 ,11.27 ,5.27 ,98.79 ,14.34 ,9.91 ,15.70 ,13.43 ,13.36 ,0.00 ,14.54 ,10.81 ,10.55 ,28.93 ,22.69 ,16.79 ,18.68 ,13.50 ,16.39 ,16.19 ,10.85 ,18.66 ,16.22 ,21.98 ,16.70 ,29.24 ,21.69 ,13.45 ,21.17 ,18.09 ,9.98 ,2.47 ,5.46 ,3.03 ,4.47 ,4.61 ,6.06 ,9.91 ,10.07 ,10.48 ,5.73
6.99 ,35.91 ,22.64 ,20.92 ,30.44 ,21.27 ,13.98 ,20.04 ,8.02 ,9.51 ,84.98 ,3.95 ,23.77 ,13.94 ,6.65 ,1.21 ,14.54 ,0.00 ,11.13 ,24.58 ,27.48 ,11.66 ,20.83 ,5.39 ,18.06 ,20.96 ,20.95 ,15.05 ,22.54 ,21.04 ,21.31 ,17.65 ,16.10 ,8.18 ,10.79 ,14.49 ,14.41 ,24.00 ,12.89 ,10.41 ,16.52 ,14.78 ,15.04 ,17.82 ,23.83 ,24.03 ,24.51 ,10.36
7.08 ,27.28 ,11.51 ,9.86 ,20.77 ,11.43 ,3.24 ,8.96 ,3.15 ,7.19 ,89.87 ,8.05 ,16.24 ,5.04 ,5.35 ,10.17 ,10.81 ,11.13 ,0.00 ,17.20 ,19.15 ,13.42 ,9.81 ,12.05 ,6.92 ,9.88 ,9.85 ,4.05 ,11.61 ,9.93 ,12.21 ,7.36 ,20.76 ,14.54 ,2.79 ,10.50 ,7.30 ,16.68 ,8.35 ,5.78 ,10.54 ,7.58 ,7.70 ,9.78 ,16.37 ,16.59 ,17.11 ,5.45
23.85 ,36.31 ,15.53 ,16.71 ,8.78 ,22.30 ,14.45 ,16.39 ,19.23 ,15.08 ,107.07 ,23.50 ,0.98 ,20.66 ,21.74 ,23.38 ,10.55 ,24.58 ,17.20 ,0.00 ,30.31 ,30.59 ,17.15 ,27.96 ,15.10 ,16.46 ,16.20 ,14.56 ,18.42 ,16.15 ,24.18 ,19.50 ,37.79 ,30.86 ,19.92 ,27.18 ,23.29 ,0.58 ,11.71 ,14.31 ,8.08 ,10.14 ,9.92 ,7.44 ,0.83 ,0.61 ,0.09 ,14.43
20.52 ,8.44 ,14.90 ,13.61 ,27.85 ,8.36 ,19.08 ,14.05 ,20.94 ,26.31 ,84.45 ,23.53 ,29.43 ,14.33 ,21.07 ,27.06 ,28.93 ,27.48 ,19.15 ,30.31 ,0.00 ,19.81 ,13.20 ,24.62 ,15.85 ,13.86 ,14.12 ,18.09 ,11.93 ,14.17 ,6.99 ,12.24 ,25.17 ,24.90 ,17.59 ,13.74 ,13.11 ,30.03 ,26.72 ,24.75 ,27.39 ,24.63 ,24.58 ,24.90 ,29.63 ,29.81 ,30.23 ,24.44
7.06 ,27.83 ,21.99 ,19.73 ,33.74 ,16.87 ,16.44 ,19.11 ,11.57 ,17.58 ,76.51 ,9.01 ,29.63 ,11.56 ,9.26 ,12.08 ,22.69 ,11.66 ,13.42 ,30.59 ,19.81 ,0.00 ,19.40 ,6.57 ,18.25 ,19.90 ,20.04 ,16.78 ,20.37 ,20.14 ,15.81 ,15.15 ,7.52 ,5.40 ,10.83 ,6.50 ,9.75 ,30.05 ,20.36 ,17.28 ,23.41 ,20.66 ,20.83 ,23.15 ,29.76 ,29.98 ,30.50 ,17.04
15.40 ,19.94 ,2.69 ,0.46 ,16.07 ,5.24 ,7.82 ,1.03 ,12.83 ,15.69 ,93.27 ,17.38 ,16.25 ,8.01 ,14.47 ,19.94 ,16.79 ,20.83 ,9.81 ,17.15 ,13.20 ,19.40 ,0.00 ,20.66 ,3.38 ,0.73 ,0.99 ,6.58 ,1.92 ,1.06 ,7.24 ,4.26 ,26.79 ,22.50 ,10.32 ,13.60 ,9.70 ,16.85 ,14.94 ,13.91 ,14.73 ,12.32 ,12.19 ,11.95 ,16.45 ,16.63 ,17.07 ,13.65
5.27 ,32.96 ,22.90 ,20.86 ,32.70 ,19.74 ,15.28 ,20.06 ,9.13 ,13.41 ,80.19 ,4.46 ,27.07 ,12.83 ,6.70 ,6.11 ,18.68 ,5.39 ,12.05 ,27.96 ,24.62 ,6.57 ,20.66 ,0.00 ,18.51 ,20.97 ,21.02 ,16.06 ,22.09 ,21.12 ,19.28 ,16.81 ,10.87 ,3.03 ,10.44 ,10.94 ,12.28 ,27.39 ,16.65 ,13.73 ,20.12 ,17.84 ,18.06 ,20.73 ,27.16 ,27.37 ,27.88 ,13.58
13.27 ,23.05 ,4.59 ,3.24 ,15.75 ,7.51 ,4.52 ,2.35 ,10.06 ,12.34 ,93.48 ,14.85 ,14.15 ,6.75 ,12.00 ,17.08 ,13.50 ,18.06 ,6.92 ,15.10 ,15.85 ,18.25 ,3.38 ,18.51 ,0.00 ,3.17 ,3.07 ,3.27 ,5.30 ,3.13 ,9.22 ,4.42 ,25.76 ,20.66 ,8.09 ,13.18 ,9.09 ,14.73 ,11.58 ,10.56 ,11.62 ,9.05 ,8.95 ,9.06 ,14.34 ,14.54 ,15.02 ,10.30
15.70 ,20.48 ,2.09 ,0.26 ,15.36 ,5.97 ,7.69 ,0.93 ,12.95 ,15.50 ,93.96 ,17.58 ,15.57 ,8.43 ,14.68 ,20.04 ,16.39 ,20.96 ,9.88 ,16.46 ,13.86 ,19.90 ,0.73 ,20.97 ,3.17 ,0.00 ,0.27 ,6.43 ,2.27 ,0.33 ,7.96 ,4.82 ,27.32 ,22.88 ,10.57 ,14.19 ,10.25 ,16.17 ,14.60 ,13.72 ,14.25 ,11.91 ,11.78 ,11.40 ,15.77 ,15.95 ,16.38 ,13.47
15.76 ,20.71 ,1.95 ,0.53 ,15.12 ,6.23 ,7.58 ,0.96 ,12.93 ,15.37 ,94.18 ,17.60 ,15.31 ,8.54 ,14.70 ,20.02 ,16.19 ,20.95 ,9.85 ,16.20 ,14.12 ,20.04 ,0.99 ,21.02 ,3.07 ,0.27 ,0.00 ,6.34 ,2.49 ,0.10 ,8.22 ,4.99 ,27.47 ,22.97 ,10.61 ,14.36 ,10.41 ,15.91 ,14.43 ,13.59 ,14.03 ,11.72 ,11.58 ,11.17 ,15.51 ,15.69 ,16.12 ,13.34
10.98 ,25.72 ,7.75 ,6.49 ,17.00 ,9.79 ,1.25 ,5.59 ,7.18 ,9.11 ,92.86 ,12.10 ,13.58 ,6.10 ,9.39 ,14.03 ,10.85 ,15.05 ,4.05 ,14.56 ,18.09 ,16.78 ,6.58 ,16.06 ,3.27 ,6.43 ,6.34 ,0.00 ,8.50 ,6.40 ,11.16 ,5.89 ,24.26 ,18.46 ,6.01 ,12.65 ,8.74 ,14.09 ,8.71 ,7.35 ,9.46 ,6.57 ,6.54 ,7.54 ,13.74 ,13.95 ,14.46 ,7.08
16.86 ,18.25 ,3.01 ,2.12 ,16.46 ,4.71 ,9.74 ,2.95 ,14.57 ,17.61 ,93.31 ,18.99 ,17.56 ,9.29 ,16.08 ,21.67 ,18.66 ,22.54 ,11.61 ,18.42 ,11.93 ,20.37 ,1.92 ,22.09 ,5.30 ,2.27 ,2.49 ,8.50 ,0.00 ,2.49 ,6.73 ,5.33 ,27.64 ,23.78 ,11.89 ,14.29 ,10.62 ,18.16 ,16.84 ,15.83 ,16.52 ,14.18 ,14.05 ,13.65 ,17.76 ,17.93 ,18.34 ,15.57
15.85 ,20.73 ,1.85 ,0.60 ,15.03 ,6.30 ,7.65 ,1.06 ,13.02 ,15.43 ,94.27 ,17.69 ,15.26 ,8.65 ,14.80 ,20.10 ,16.22 ,21.04 ,9.93 ,16.15 ,14.17 ,20.14 ,1.06 ,21.12 ,3.13 ,0.33 ,0.10 ,6.40 ,2.49 ,0.00 ,8.30 ,5.09 ,27.57 ,23.07 ,10.71 ,14.47 ,10.51 ,15.86 ,14.46 ,13.64 ,14.04 ,11.74 ,11.60 ,11.16 ,15.47 ,15.64 ,16.07 ,13.40
14.58 ,15.08 ,9.60 ,7.70 ,23.15 ,2.03 ,12.11 ,7.84 ,14.23 ,19.34 ,86.68 ,17.39 ,23.26 ,7.59 ,14.71 ,20.75 ,21.98 ,21.31 ,12.21 ,24.18 ,6.99 ,15.81 ,7.24 ,19.28 ,9.22 ,7.96 ,8.22 ,11.16 ,6.73 ,8.30 ,0.00 ,5.28 ,22.49 ,20.22 ,10.91 ,9.31 ,7.04 ,23.84 ,19.73 ,17.77 ,20.55 ,17.73 ,17.69 ,18.23 ,23.45 ,23.64 ,24.10 ,17.45
11.62 ,20.08 ,6.91 ,4.62 ,19.82 ,4.11 ,6.84 ,4.14 ,9.91 ,14.28 ,89.36 ,13.94 ,18.54 ,3.98 ,11.05 ,16.89 ,16.70 ,17.65 ,7.36 ,19.50 ,12.24 ,15.15 ,4.26 ,16.81 ,4.42 ,4.82 ,4.99 ,5.89 ,5.33 ,5.09 ,5.28 ,0.00 ,22.53 ,18.45 ,6.87 ,9.37 ,5.44 ,19.10 ,14.48 ,12.64 ,15.31 ,12.46 ,12.42 ,13.11 ,18.73 ,18.92 ,19.41 ,12.33
13.94 ,32.43 ,29.41 ,27.14 ,41.25 ,23.82 ,23.87 ,26.55 ,18.57 ,23.99 ,69.56 ,14.92 ,36.85 ,19.05 ,16.10 ,16.95 ,29.24 ,16.10 ,20.76 ,37.79 ,25.17 ,7.52 ,26.79 ,10.87 ,25.76 ,27.32 ,27.47 ,24.26 ,27.64 ,27.57 ,22.49 ,22.53 ,0.00 ,7.92 ,18.28 ,13.39 ,17.09 ,37.24 ,27.05 ,24.01 ,30.32 ,27.73 ,27.92 ,30.37 ,36.97 ,37.18 ,37.70 ,23.80
7.48 ,33.06 ,24.89 ,22.75 ,35.31 ,20.95 ,17.78 ,22.01 ,11.81 ,16.43 ,77.16 ,7.41 ,29.96 ,14.51 ,9.30 ,9.03 ,21.69 ,8.18 ,14.54 ,30.86 ,24.90 ,5.40 ,22.50 ,3.03 ,20.66 ,22.88 ,22.97 ,18.46 ,23.78 ,23.07 ,20.22 ,18.45 ,7.92 ,0.00 ,12.59 ,11.22 ,13.46 ,30.29 ,19.64 ,16.69 ,23.08 ,20.72 ,20.94 ,23.56 ,30.05 ,30.26 ,30.77 ,16.52
5.19 ,25.92 ,12.47 ,10.48 ,23.01 ,10.57 ,5.61 ,9.66 ,3.35 ,9.34 ,87.17 ,7.11 ,18.95 ,3.32 ,4.20 ,10.05 ,13.45 ,10.79 ,2.79 ,19.92 ,17.59 ,10.83 ,10.32 ,10.44 ,8.09 ,10.57 ,10.61 ,6.01 ,11.89 ,10.71 ,10.91 ,6.87 ,18.28 ,12.59 ,0.00 ,7.74 ,4.91 ,19.40 ,10.98 ,8.19 ,13.33 ,10.38 ,10.49 ,12.52 ,19.09 ,19.31 ,19.83 ,7.87
7.64 ,22.03 ,16.28 ,13.98 ,28.93 ,10.46 ,12.76 ,13.50 ,10.24 ,16.76 ,80.34 ,10.71 ,26.20 ,6.60 ,9.04 ,14.37 ,21.17 ,14.49 ,10.50 ,27.18 ,13.74 ,6.50 ,13.60 ,10.94 ,13.18 ,14.19 ,14.36 ,12.65 ,14.29 ,14.47 ,9.31 ,9.37 ,13.39 ,11.22 ,7.74 ,0.00 ,4.09 ,26.70 ,18.70 ,15.82 ,21.03 ,18.05 ,18.15 ,19.94 ,26.36 ,26.57 ,27.09 ,15.51
7.56 ,21.54 ,12.34 ,10.06 ,24.84 ,7.50 ,9.01 ,9.51 ,8.12 ,14.24 ,84.42 ,10.47 ,22.31 ,2.64 ,7.96 ,13.95 ,18.09 ,14.41 ,7.30 ,23.29 ,13.11 ,9.75 ,9.70 ,12.28 ,9.09 ,10.25 ,10.41 ,8.74 ,10.62 ,10.51 ,7.04 ,5.44 ,17.09 ,13.46 ,4.91 ,4.09 ,0.00 ,22.83 ,15.64 ,13.01 ,17.58 ,14.57 ,14.63 ,16.18 ,22.48 ,22.69 ,23.20 ,12.69
23.30 ,36.12 ,15.30 ,16.42 ,9.14 ,21.97 ,13.95 ,16.07 ,18.68 ,14.50 ,106.54 ,22.93 ,0.61 ,20.19 ,21.18 ,22.79 ,9.98 ,24.00 ,16.68 ,0.58 ,30.03 ,30.05 ,16.85 ,27.39 ,14.73 ,16.17 ,15.91 ,14.09 ,18.16 ,15.86 ,23.84 ,19.10 ,37.24 ,30.29 ,19.40 ,26.70 ,22.83 ,0.00 ,11.13 ,13.73 ,7.50 ,9.57 ,9.36 ,6.90 ,0.40 ,0.27 ,0.51 ,13.85
13.31 ,34.43 ,15.25 ,14.73 ,18.37 ,18.48 ,7.64 ,13.90 ,8.87 ,3.38 ,96.61 ,12.24 ,10.93 ,13.28 ,11.10 ,11.69 ,2.47 ,12.89 ,8.35 ,11.71 ,26.72 ,20.36 ,14.94 ,16.65 ,11.58 ,14.60 ,14.43 ,8.71 ,16.84 ,14.46 ,19.73 ,14.48 ,27.05 ,19.64 ,10.98 ,18.70 ,15.64 ,11.13 ,0.00 ,3.08 ,3.63 ,3.03 ,3.26 ,5.65 ,10.97 ,11.16 ,11.63 ,3.33
10.23 ,32.72 ,14.76 ,13.79 ,20.14 ,16.74 ,6.12 ,12.90 ,5.82 ,1.79 ,93.56 ,9.28 ,13.46 ,10.81 ,8.02 ,9.20 ,5.46 ,10.41 ,5.78 ,14.31 ,24.75 ,17.28 ,13.91 ,13.73 ,10.56 ,13.72 ,13.59 ,7.35 ,15.83 ,13.64 ,17.77 ,12.64 ,24.01 ,16.69 ,8.19 ,15.82 ,13.01 ,13.73 ,3.08 ,0.00 ,6.39 ,4.38 ,4.64 ,7.42 ,13.53 ,13.73 ,14.23 ,0.32
16.43 ,34.64 ,14.39 ,14.43 ,15.10 ,19.03 ,8.74 ,13.73 ,11.84 ,7.01 ,99.84 ,15.68 ,7.31 ,15.02 ,14.24 ,15.31 ,3.03 ,16.52 ,10.54 ,8.08 ,27.39 ,23.41 ,14.73 ,20.12 ,11.62 ,14.25 ,14.03 ,9.46 ,16.52 ,14.04 ,20.55 ,15.31 ,30.32 ,23.08 ,13.33 ,21.03 ,17.58 ,7.50 ,3.63 ,6.39 ,0.00 ,3.01 ,2.96 ,3.19 ,7.35 ,7.54 ,8.00 ,6.56
13.79 ,32.08 ,12.38 ,12.06 ,15.81 ,16.29 ,5.76 ,11.29 ,9.16 ,5.64 ,97.16 ,13.38 ,9.24 ,12.02 ,11.63 ,13.58 ,4.47 ,14.78 ,7.58 ,10.14 ,24.63 ,20.66 ,12.32 ,17.84 ,9.05 ,11.91 ,11.72 ,6.57 ,14.18 ,11.74 ,17.73 ,12.46 ,27.73 ,20.72 ,10.38 ,18.05 ,14.57 ,9.57 ,3.03 ,4.38 ,3.01 ,0.00 ,0.27 ,3.04 ,9.33 ,9.54 ,10.05 ,4.43
13.97 ,31.99 ,12.21 ,11.93 ,15.54 ,16.23 ,5.78 ,11.17 ,9.34 ,5.91 ,97.34 ,13.61 ,9.02 ,12.07 ,11.83 ,13.84 ,4.61 ,15.04 ,7.70 ,9.92 ,24.58 ,20.83 ,12.19 ,18.06 ,8.95 ,11.78 ,11.58 ,6.54 ,14.05 ,11.60 ,17.69 ,12.42 ,27.92 ,20.94 ,10.49 ,18.15 ,14.63 ,9.36 ,3.26 ,4.64 ,2.96 ,0.27 ,0.00 ,2.78 ,9.12 ,9.33 ,9.84 ,4.68
16.44 ,31.88 ,11.35 ,11.60 ,12.80 ,16.56 ,7.19 ,10.98 ,11.84 ,8.64 ,99.64 ,16.29 ,6.49 ,13.55 ,14.35 ,16.62 ,6.06 ,17.82 ,9.78 ,7.44 ,24.90 ,23.15 ,11.95 ,20.73 ,9.06 ,11.40 ,11.17 ,7.54 ,13.65 ,11.16 ,18.23 ,13.11 ,30.37 ,23.56 ,12.52 ,19.94 ,16.18 ,6.90 ,5.65 ,7.42 ,3.19 ,3.04 ,2.78 ,0.00 ,6.61 ,6.83 ,7.35 ,7.46
23.03 ,35.73 ,14.91 ,16.02 ,8.96 ,21.58 ,13.62 ,15.67 ,18.41 ,14.34 ,106.24 ,22.71 ,0.21 ,19.84 ,20.92 ,22.62 ,9.91 ,23.83 ,16.37 ,0.83 ,29.63 ,29.76 ,16.45 ,27.16 ,14.34 ,15.77 ,15.51 ,13.74 ,17.76 ,15.47 ,23.45 ,18.73 ,36.97 ,30.05 ,19.09 ,26.36 ,22.48 ,0.40 ,10.97 ,13.53 ,7.35 ,9.33 ,9.12 ,6.61 ,0.00 ,0.22 ,0.74 ,13.64
23.25 ,35.88 ,15.07 ,16.20 ,8.91 ,21.76 ,13.84 ,15.86 ,18.63 ,14.53 ,106.46 ,22.92 ,0.39 ,20.06 ,21.13 ,22.82 ,10.07 ,24.03 ,16.59 ,0.61 ,29.81 ,29.98 ,16.63 ,27.37 ,14.54 ,15.95 ,15.69 ,13.95 ,17.93 ,15.64 ,23.64 ,18.92 ,37.18 ,30.26 ,19.31 ,26.57 ,22.69 ,0.27 ,11.16 ,13.73 ,7.54 ,9.54 ,9.33 ,6.83 ,0.22 ,0.00 ,0.52 ,13.85
23.77 ,36.24 ,15.46 ,16.63 ,8.79 ,22.22 ,14.36 ,16.30 ,19.14 ,15.00 ,106.98 ,23.42 ,0.89 ,20.57 ,21.65 ,23.30 ,10.48 ,24.51 ,17.11 ,0.09 ,30.23 ,30.50 ,17.07 ,27.88 ,15.02 ,16.38 ,16.12 ,14.46 ,18.34 ,16.07 ,24.10 ,19.41 ,37.70 ,30.77 ,19.83 ,27.09 ,23.20 ,0.51 ,11.63 ,14.23 ,8.00 ,10.05 ,9.84 ,7.35 ,0.74 ,0.52 ,0.00 ,14.34
9.99 ,32.42 ,14.53 ,13.54 ,20.13 ,16.44 ,5.84 ,12.65 ,5.55 ,2.04 ,93.35 ,9.12 ,13.56 ,10.49 ,7.79 ,9.16 ,5.73 ,10.36 ,5.45 ,14.43 ,24.44 ,17.04 ,13.65 ,13.58 ,10.30 ,13.47 ,13.34 ,7.08 ,15.57 ,13.40 ,17.45 ,12.33 ,23.80 ,16.52 ,7.87 ,15.51 ,12.69 ,13.85 ,3.33 ,0.32 ,6.56 ,4.43 ,4.68 ,7.46 ,13.64 ,13.85 ,14.34 ,0.00
</interval>
    </data>
  </matrix>
</matrices>